Tamaño=4	5	6	7	8	9	10	11	12	13	14	15	16	17	18	19	20	21	22	23	24	25	26	27	28	29	30	31	32	33	34	35	36	37	38	39	40
Profundidad=0	0.5	1	1.5	2	2.5	3	3.5	4	4.5	5	5.5	6	6.5	7	7.5	8	8.5	9	9.5	10	10.5	11	11.5	12	12.5	13	13.5	14	14.5	15	15.5	16	16.5	17	17.5	18	18.5	19	19.5	20	20.5	21	21.5	22	22.5	23	23.5	24	24.5	25	25.5	26	26.5	27	27.5	28	28.5	29	29.5

49.97	50.58	51.60	52.61	53.14	53.68	54.62	55.34	56.09	56.77	57.50	58.23	58.93	59.66	60.38	61.10	61.72	62.38	63.03	63.69	64.35	64.82	65.34	65.85	66.35	66.86	67.30	67.82	68.26	68.72	69.19	69.42	69.66	69.90	70.14	70.39	73.22
83.06	82.95	83.51	84.10	84.62	85.13	85.54	85.60	86.14	86.60	87.15	87.47	87.74	88.04	88.34	88.66	88.95	89.32	89.68	90.05	90.44	90.67	90.97	91.26	91.55	91.85	92.06	92.37	92.58	92.83	93.08	93.11	93.12	93.12	93.13	93.15	88.92
105.87	104.98	104.98	105.04	104.90	104.74	104.82	104.51	104.52	104.44	104.49	104.47	104.40	104.39	104.37	104.39	104.32	104.37	104.41	104.45	104.53	104.45	104.48	104.49	104.49	104.52	104.47	104.56	104.53	104.54	104.58	104.53	104.51	104.47	104.45	104.45	102.30
110.43	109.32	108.99	108.74	108.59	108.46	108.38	107.91	107.69	107.40	107.25	107.15	107.05	107.00	106.95	106.96	106.78	106.71	106.65	106.58	106.56	106.41	106.39	106.35	106.31	106.31	106.23	106.33	106.31	106.33	106.35	106.28	106.21	106.11	106.02	105.92	104.97
110.35	109.35	108.97	108.67	108.32	107.96	107.93	107.60	107.45	107.24	107.20	107.05	106.89	106.78	106.66	106.63	106.41	106.34	106.27	106.20	106.19	105.99	106.03	106.00	105.98	105.96	105.85	105.91	105.83	105.78	105.73	105.66	105.62	105.56	105.51	105.46	105.21
108.80	107.92	107.68	107.55	107.21	106.83	106.84	106.62	106.45	106.20	106.13	105.96	105.81	105.71	105.61	105.61	105.33	105.34	105.29	105.24	105.18	105.07	105.10	105.08	105.07	105.05	104.97	105.04	104.98	104.95	104.93	104.89	104.85	104.78	104.73	104.68	104.59
107.10	106.26	106.02	105.90	105.81	105.72	105.75	105.49	105.25	104.96	104.86	104.67	104.56	104.49	104.43	104.37	104.26	104.30	104.31	104.31	104.31	104.24	104.24	104.20	104.16	104.12	104.04	104.13	104.09	104.09	104.09	104.09	104.06	104.00	103.97	103.93	103.59
105.47	104.91	104.74	104.66	104.53	104.37	104.37	104.14	103.97	103.81	103.75	103.63	103.60	103.53	103.46	103.38	103.26	103.23	103.17	103.11	103.05	102.95	103.02	103.06	103.10	103.13	103.14	103.20	103.14	103.13	103.11	103.12	103.08	103.04	103.01	102.99	102.85
103.70	103.28	103.03	102.82	102.74	102.70	102.89	102.92	102.68	102.55	102.40	102.27	102.31	102.31	102.31	102.31	102.27	102.28	102.26	102.24	102.22	102.17	102.18	102.17	102.16	102.15	102.12	102.19	102.17	102.18	102.20	102.24	102.20	102.13	102.08	102.03	101.64
101.85	101.55	101.46	101.46	101.43	101.40	101.52	101.35	101.26	101.17	101.06	100.98	101.02	101.05	101.08	101.10	101.11	101.10	101.08	101.07	101.05	101.02	101.04	101.07	101.09	101.11	101.12	101.17	101.12	101.12	101.11	101.10	101.07	101.05	101.01	100.98	101.10
100.00	100.00	100.00	100.00	100.00	100.00	100.00	100.00	100.00	100.00	100.00	100.00	100.00	100.00	100.00	100.00	100.00	100.00	100.00	100.00	100.00	100.00	100.00	100.00	100.00	100.00	100.00	100.00	100.00	100.00	100.00	100.00	100.00	100.00	100.00	100.00	100.00
98.01	97.99	98.07	98.19	98.34	98.23	98.64	98.66	98.70	98.69	98.70	98.72	98.71	98.72	98.73	98.74	98.77	98.80	98.85	98.89	98.94	99.00	98.99	98.95	98.92	98.89	98.83	98.87	98.91	98.97	99.02	99.07	99.13	99.07	99.02	98.97	98.98
96.13	96.09	96.20	96.40	96.33	96.59	97.05	97.05	97.12	97.14	97.19	97.27	97.27	97.29	97.31	97.34	97.40	97.41	97.44	97.47	97.51	97.57	97.56	97.65	97.70	97.75	97.77	97.88	97.89	97.92	97.95	97.98	98.04	98.01	97.99	97.97	97.98
94.39	94.56	94.73	94.90	94.85	95.16	95.65	95.61	95.68	95.74	95.84	95.99	96.00	96.04	96.09	96.14	96.24	96.25	96.29	96.34	96.38	96.40	96.46	96.53	96.57	96.61	96.61	96.72	96.71	96.72	96.74	96.76	96.82	96.82	96.85	96.88	96.88
92.45	92.76	93.12	93.14	93.51	93.65	94.04	94.05	94.20	94.36	94.58	94.86	94.84	94.87	94.89	94.92	95.01	95.02	95.07	95.13	95.18	95.21	95.29	95.36	95.41	95.46	95.48	95.61	95.61	95.65	95.69	95.73	95.82	95.81	95.82	95.84	95.71
90.49	90.68	91.04	91.17	91.67	91.94	92.45	92.52	92.74	92.87	93.06	93.33	93.34	93.40	93.46	93.52	93.67	93.65	93.80	93.91	94.01	94.08	94.22	94.30	94.38	94.45	94.49	94.65	94.66	94.71	94.76	94.81	94.88	94.89	94.91	94.90	94.88
88.61	89.03	89.25	89.71	90.25	90.50	91.02	91.14	91.43	91.53	91.71	91.97	92.01	92.10	92.19	92.29	92.38	92.47	92.58	92.65	92.72	92.76	92.88	92.96	93.05	93.13	93.18	93.36	93.37	93.42	93.48	93.54	93.62	93.65	93.65	93.64	93.72
86.63	87.16	87.45	87.95	88.56	88.98	89.62	89.64	89.86	90.00	90.23	90.56	90.62	90.74	90.86	90.98	91.10	91.23	91.33	91.41	91.49	91.54	91.68	91.78	91.89	91.99	92.07	92.25	92.26	92.34	92.39	92.44	92.50	92.55	92.55	92.55	92.48
84.93	85.40	85.68	86.21	86.84	87.22	87.86	88.07	88.49	88.60	88.79	89.10	89.17	89.33	89.49	89.65	89.81	90.00	90.12	90.22	90.33	90.40	90.58	90.65	90.74	90.82	90.87	91.01	91.04	91.14	91.22	91.30	91.40	91.49	91.52	91.54	91.52
83.27	83.51	84.22	84.80	85.49	85.89	86.55	86.70	87.09	87.24	87.50	87.89	87.97	88.11	88.25	88.39	88.53	88.71	88.81	88.90	88.98	89.04	89.22	89.30	89.42	89.54	89.63	89.81	89.88	89.96	90.03	90.09	90.18	90.27	90.30	90.35	90.35
81.41	81.71	82.44	83.01	83.71	84.18	84.90	85.11	85.59	85.73	85.96	86.32	86.33	86.58	86.76	86.93	87.11	87.34	87.46	87.58	87.69	87.79	88.00	88.05	88.20	88.31	88.39	88.57	88.65	88.75	88.84	88.93	89.04	89.17	89.18	89.22	89.25
79.60	80.01	80.85	81.53	82.32	82.71	83.35	83.54	84.01	84.16	84.43	84.74	84.90	85.18	85.40	85.62	85.83	86.13	86.24	86.34	86.45	86.53	86.69	86.80	86.98	87.13	87.24	87.46	87.58	87.65	87.71	87.77	87.85	87.91	87.95	87.99	88.10
78.19	78.57	79.34	79.94	80.68	81.22	81.99	82.23	82.75	82.93	83.22	83.56	83.74	83.98	84.17	84.36	84.56	84.84	84.97	85.10	85.24	85.35	85.53	85.68	85.83	85.96	86.06	86.25	86.37	86.46	86.56	86.65	86.76	86.86	86.95	86.98	86.68
76.06	76.75	77.56	78.31	79.19	79.60	80.26	80.53	81.12	81.36	81.70	82.09	82.34	82.60	82.83	83.06	83.28	83.61	83.76	83.90	84.04	84.15	84.34	84.50	84.63	84.75	84.85	85.03	85.15	85.21	85.34	85.44	85.56	85.67	85.79	85.79	85.87
74.39	74.98	75.75	76.61	77.60	78.05	78.73	79.09	79.79	80.09	80.45	80.85	81.14	81.38	81.59	81.80	82.01	82.35	82.49	82.64	82.79	82.92	83.12	83.30	83.43	83.56	83.66	83.85	83.95	84.05	84.19	84.31	84.44	84.56	84.71	84.73	84.82
72.87	73.65	74.50	75.17	75.99	76.55	77.33	77.60	78.18	78.33	78.78	79.18	79.50	79.77	80.02	80.27	80.51	80.89	81.01	81.21	81.37	81.50	81.71	81.90	82.08	82.26	82.42	82.66	82.82	82.97	83.10	83.22	83.35	83.46	83.62	83.64	83.64
71.41	72.17	72.99	73.64	74.43	74.97	75.73	76.03	76.68	76.91	77.43	77.92	78.34	78.58	78.82	79.06	79.30	79.60	79.84	80.10	80.33	80.54	80.81	81.09	81.19	81.28	81.33	81.47	81.53	81.61	81.75	81.89	82.05	82.19	82.38	82.44	82.58
69.68	70.47	71.33	72.04	72.90	73.68	74.69	75.04	75.51	75.79	76.22	76.64	77.00	77.25	77.51	77.76	78.01	78.32	78.57	78.77	78.95	79.10	79.32	79.56	79.72	79.91	80.07	80.32	80.47	80.66	80.76	80.86	80.97	81.08	81.19	81.27	81.24
67.99	68.83	69.75	70.60	71.59	72.24	73.08	73.40	73.92	74.25	74.68	75.09	75.47	75.79	76.12	76.45	76.78	77.17	77.49	77.68	77.85	78.00	78.21	78.45	78.57	78.77	78.92	79.16	79.30	79.49	79.59	79.68	79.79	79.89	80.00	80.10	80.25
66.74	67.37	68.11	68.99	70.00	70.76	71.70	71.98	72.62	72.98	73.39	73.80	74.19	74.49	74.81	75.12	75.44	75.81	76.16	76.39	76.62	76.82	77.09	77.34	77.53	77.70	77.82	78.03	78.15	78.32	78.42	78.51	78.62	78.72	78.83	78.95	79.20
64.95	65.74	66.62	67.48	68.48	69.24	70.16	70.50	71.22	71.69	72.11	72.54	72.95	73.26	73.57	73.89	74.21	74.58	74.95	75.18	75.41	75.61	75.89	76.14	76.36	76.51	76.63	76.83	76.94	77.11	77.19	77.33	77.46	77.58	77.70	77.85	77.93
63.72	64.54	65.43	66.21	67.12	67.92	68.91	69.25	69.85	70.24	70.70	71.17	71.65	71.95	72.24	72.54	72.83	73.18	73.54	73.80	74.07	74.31	74.61	74.91	75.18	75.34	75.48	75.70	75.83	75.99	76.12	76.25	76.38	76.50	76.62	76.77	76.94
62.34	63.21	64.15	64.88	65.74	66.53	67.32	67.91	68.53	68.97	69.41	69.88	70.36	70.68	71.00	71.33	71.65	72.03	72.43	72.66	72.89	73.10	73.37	73.63	73.89	74.07	74.23	74.46	74.62	74.80	74.96	75.11	75.25	75.38	75.53	75.67	75.81
61.02	61.82	62.68	63.51	64.46	65.28	66.06	66.65	67.23	67.66	68.14	68.66	69.19	69.47	69.85	70.17	70.48	70.85	71.26	71.50	71.74	71.95	72.23	72.49	72.76	72.94	73.08	73.30	73.45	73.62	73.78	73.89	74.01	74.12	74.24	74.35	74.70
59.63	60.41	61.26	62.14	63.14	63.94	64.66	65.26	65.92	66.46	66.90	67.39	67.90	68.19	68.58	68.93	69.27	69.67	70.12	70.36	70.58	70.78	71.03	71.28	71.54	71.73	71.89	72.14	72.30	72.49	72.69	72.83	72.97	73.11	73.26	73.41	73.68
58.30	59.11	59.99	60.83	61.79	62.61	63.37	63.99	64.60	65.10	65.56	66.06	66.52	66.91	67.30	67.64	67.99	68.38	68.84	69.07	69.37	69.61	69.90	70.19	70.50	70.68	70.82	71.04	71.18	71.35	71.52	71.68	71.87	72.05	72.23	72.42	72.51
57.05	57.80	58.61	59.52	60.56	61.20	62.09	62.71	63.43	64.07	64.48	64.92	65.31	65.67	66.05	66.40	66.75	67.15	67.55	67.87	68.16	68.41	68.71	69.01	69.34	69.52	69.70	69.93	70.09	70.28	70.48	70.62	70.78	70.92	71.08	71.24	71.47
55.71	56.52	57.38	58.26	59.29	59.93	60.80	61.41	62.14	62.80	63.26	63.73	64.15	64.57	64.97	65.35	65.73	66.16	66.59	66.93	67.18	67.39	67.65	67.90	68.15	68.37	68.57	68.82	69.00	69.21	69.44	69.56	69.71	69.84	69.97	70.10	70.38
54.33	55.21	56.15	57.02	58.01	58.64	59.47	60.05	60.74	61.38	61.87	62.39	62.87	63.33	63.71	64.06	64.42	64.82	65.23	65.59	65.88	66.13	66.44	66.73	67.03	67.29	67.48	67.73	67.91	68.11	68.31	68.48	68.64	68.77	68.91	69.05	69.24
53.29	54.15	55.07	55.86	56.75	57.37	58.27	58.91	59.67	60.39	60.88	61.36	61.80	62.25	62.66	63.05	63.45	63.89	64.34	64.75	64.96	65.16	65.40	65.63	65.87	66.09	66.28	66.54	66.72	66.92	67.13	67.32	67.50	67.67	67.84	68.01	68.32
52.26	53.01	53.82	54.65	55.40	56.28	57.13	57.73	58.45	59.14	59.55	60.10	60.53	61.00	61.39	61.78	62.17	62.61	63.05	63.49	63.74	63.96	64.24	64.51	64.78	65.05	65.24	65.51	65.70	65.92	66.14	66.35	66.50	66.64	66.79	66.93	67.29
50.93	51.76	52.65	53.47	54.20	55.10	56.02	56.71	57.33	57.93	58.33	58.88	59.34	59.83	60.20	60.57	60.95	61.37	61.78	62.21	62.49	62.75	63.06	63.36	63.67	63.97	64.15	64.40	64.57	64.77	64.97	65.17	65.34	65.50	65.66	65.83	66.26
49.70	50.51	51.38	52.30	53.16	54.11	54.90	55.46	56.13	56.80	57.26	57.84	58.33	58.86	59.26	59.66	60.06	60.50	60.95	61.41	61.66	61.87	62.13	62.38	62.63	62.90	63.07	63.31	63.48	63.67	63.87	64.08	64.24	64.39	64.56	64.72	65.06
48.66	49.54	50.48	51.30	52.02	52.90	53.74	54.35	54.94	55.54	55.95	56.51	56.99	57.51	57.93	58.36	58.79	59.26	59.74	60.24	60.53	60.76	61.04	61.31	61.58	61.87	62.05	62.29	62.46	62.65	62.85	63.06	63.20	63.36	63.51	63.66	64.22
47.72	48.47	49.28	50.09	50.84	51.76	52.64	53.30	53.87	54.34	54.82	55.38	55.87	56.42	56.84	57.27	57.69	58.16	58.63	59.14	59.40	59.66	59.94	60.20	60.47	60.77	60.93	61.19	61.37	61.58	61.78	62.01	62.16	62.34	62.52	62.69	63.19
46.51	47.34	48.22	49.04	49.76	50.65	51.46	52.05	52.68	53.26	53.82	54.40	54.91	55.48	55.89	56.30	56.70	57.14	57.59	58.08	58.35	58.59	58.86	59.11	59.37	59.62	59.83	60.11	60.30	60.52	60.74	60.96	61.17	61.34	61.50	61.67	62.21
45.56	46.35	47.18	47.99	48.74	49.65	50.49	51.11	51.76	52.37	52.95	53.46	53.89	54.40	54.73	55.17	55.56	56.00	56.43	56.91	57.20	57.47	57.76	58.05	58.33	58.61	58.86	59.15	59.37	59.61	59.85	60.09	60.33	60.48	60.64	60.79	61.18
44.62	45.38	46.18	46.82	47.69	48.60	49.43	50.06	50.74	51.40	52.04	52.54	52.98	53.50	53.83	54.24	54.61	55.02	55.43	55.84	56.19	56.49	56.81	57.12	57.43	57.75	58.01	58.23	58.38	58.56	58.73	58.90	59.09	59.26	59.45	59.63	60.23
43.60	44.34	45.12	45.75	46.63	47.53	48.33	48.93	49.48	50.14	50.75	51.32	51.85	52.46	52.84	53.23	53.58	53.98	54.37	54.76	55.12	55.40	55.71	56.02	56.32	56.62	56.90	57.14	57.31	57.50	57.69	57.88	58.09	58.27	58.45	58.64	59.31
42.74	43.45	44.20	44.81	45.66	46.55	47.34	47.93	48.49	49.17	49.82	50.36	50.86	51.38	51.82	52.21	52.56	52.96	53.36	53.75	54.13	54.41	54.73	55.04	55.35	55.66	55.95	56.20	56.37	56.57	56.77	56.97	57.18	57.34	57.51	57.67	58.49
41.67	42.41	43.19	43.80	44.63	45.51	46.38	47.05	47.63	48.25	48.86	49.35	49.80	50.27	50.70	51.08	51.43	51.83	52.23	52.63	53.02	53.35	53.72	54.08	54.44	54.79	55.15	55.39	55.55	55.72	55.90	56.07	56.27	56.40	56.56	56.71	57.54
0.00	41.63	42.31	42.84	43.63	44.47	45.34	46.03	46.63	47.25	47.86	48.35	48.79	49.26	49.70	50.13	50.55	51.01	51.47	51.92	52.39	52.65	52.94	53.22	53.51	53.79	54.07	54.31	54.54	54.76	54.98	55.20	55.43	55.60	55.76	55.90	56.61
0.00	40.68	41.50	42.12	42.91	43.74	44.54	45.14	45.69	46.29	46.90	47.41	47.89	48.39	48.87	49.25	49.63	50.05	50.46	50.88	51.31	51.57	51.85	52.12	52.39	52.66	52.93	53.19	53.44	53.69	53.93	54.18	54.44	54.66	54.82	54.97	55.62
0.00	39.81	40.52	41.07	41.86	42.69	43.52	44.02	44.70	45.21	45.75	46.28	46.81	47.36	47.90	48.27	48.64	49.05	49.45	49.86	50.29	50.57	50.89	51.19	51.50	51.80	52.11	52.38	52.57	52.78	52.98	53.18	53.40	53.60	53.77	53.94	54.71
0.00	38.91	39.67	40.23	40.96	41.73	42.57	43.09	43.83	44.46	45.13	45.62	46.06	46.52	46.98	47.34	47.70	48.10	48.49	48.89	49.32	49.58	49.93	50.24	50.55	50.86	51.16	51.47	51.67	51.89	52.10	52.31	52.53	52.75	52.93	53.10	53.84
0.00	38.10	38.58	39.24	40.02	40.84	41.64	42.11	42.80	43.38	44.00	44.54	45.06	45.59	46.14	46.53	46.91	47.32	47.74	48.15	48.61	48.89	49.22	49.53	49.83	50.14	50.43	50.75	50.90	51.06	51.23	51.40	51.57	51.75	51.91	52.07	52.98
0.00	37.25	37.66	38.27	39.10	39.96	40.64	40.94	41.49	42.07	42.71	43.31	44.06	44.78	45.52	45.89	46.19	46.53	46.87	47.20	47.59	47.83	48.17	48.48	48.79	49.10	49.40	49.74	49.90	50.07	50.25	50.42	50.60	50.79	50.93	51.12	52.32
36.23	36.86	37.44	38.08	38.87	39.70	40.29	40.86	41.42	42.00	42.60	43.20	43.68	44.07	44.46	44.85	45.23	45.62	46.08	46.55	47.01	47.48	47.91	48.20	48.48	48.76	49.04	49.32	49.62	49.84	50.05	50.26	50.48	50.69	50.90	51.06	51.16
35.47	36.19	36.85	37.46	38.13	38.84	39.43	40.00	40.56	41.13	41.73	42.32	42.82	43.23	43.63	44.04	44.44	44.85	45.33	45.81	46.29	46.77	47.22	47.48	47.73	47.98	48.22	48.47	48.74	48.98	49.21	49.44	49.67	49.90	50.13	50.32	50.42
34.60	35.34	36.03	36.70	37.44	38.22	38.82	39.38	39.93	40.51	41.10	41.69	42.18	42.57	42.96	43.34	43.73	44.11	44.57	45.02	45.48	45.94	46.38	46.61	46.83	47.04	47.25	47.47	47.70	47.94	48.17	48.39	48.62	48.84	49.07	49.28	49.40